1.065960
0.570798
0.541062
0.616695
0.605705
0.567566
0.636734
0.000000
0.645784
0.000000
0.577262
0.626391
0.607645
0.630270
0.487409
0.078218
0.563687
0.738870
0.616048
0.740809
0.661298
0.771838
0.702024
0.721416
0.688449
0.776363
0.771838
0.652895
0.672934
0.661945
0.160315
0.539123
0.476419
0.614109
0.691034
0.694266
0.756970
0.685216
0.769252
0.829370
0.000000
0.783474
0.724649
0.760202
0.772485
0.684570
0.769899
0.559162
0.632209
0.669702
0.842299
0.602473
0.767313
0.815149
0.872035
0.832603
0.672934
0.798988
0.113772
0.806099
0.773777
0.667763
0.862338
0.661298
0.595363
0.688449
0.683924
0.835188
0.696206
0.861045
0.766667
0.815149
0.772485
0.749213
0.810624
0.760849
0.798988
0.000000
0.186818
0.647077
0.155790
0.672288
0.699438
0.859753
0.701377
0.868803
0.831310
0.725295
0.883671
0.781535
0.830017
0.845531
0.675520
0.826138
0.811270
0.535891
0.597302
0.139629
0.726588
0.841006
0.736284
0.785413
0.787352
0.848117
0.735638
0.716891
0.835835
0.000000
0.000000
0.852642
0.844238
0.574677
0.588898
0.000000
0.819674
0.759556
0.778949
0.851995
0.648370
0.803513
0.000000
0.723356
0.857813
0.773131
0.000000
0.770545
0.778949
1.450590
0.874621
0.489994
0.559162
0.501630
0.796402
0.684570
0.530719
0.000000
0.417594
0.188111
0.303176
0.174536
0.212676
0.189404
0.000000
0.000000
0.348426
0.509387
0.583727
0.657420
0.736931
0.690388
0.559809
0.283137
0.279904
0.248229
0.198454
0.259219
0.238533
0.320630
0.000000
0.212029
0.000000
0.583727
0.642552
0.677459
0.767959
0.159668
0.577262
0.431169
0.318690
0.246290
0.221726
0.217201
0.214615
0.064643
0.221726
0.000000
0.580495
0.458966
0.553991
0.536537
0.679399
0.250815
0.573384
0.785413
0.016161
0.199101
0.148679
0.343901
0.017454
0.294772
0.261804
0.204918
0.548820
0.000000
0.482237
0.486116
0.624452
0.730467
0.597302
0.681338
0.188758
0.215908
0.182293
0.243704
0.151265
0.000000
0.144154
0.265683
0.149972
0.499691
0.623805
0.698791
0.738870
0.479651
0.678106
0.399494
0.197808
0.269562
0.242411
0.215261
0.269562
0.181001
0.181647
0.165486
0.472541
0.000000
0.568859
0.754384
0.597948
0.533952
0.000646
0.647077
0.259865
0.254047
0.107954
0.224958
0.098904
0.275379
0.246290
0.316105
0.000000
0.514559
0.484176
0.619927
0.592777
0.599888
0.806745
0.534598
0.000000
0.087915
0.329033
0.100197
0.298004
0.097611
0.189404
0.296712
1.302560
0.718184
0.666470
0.711074
0.830017
0.709134
0.729820
0.000000
0.812563
0.804160
0.775717
0.806745
0.703963
0.649016
0.548820
0.552698
0.634148
0.740163
0.788645
0.801574
0.804160
0.780888
0.680045
0.803513
0.808038
0.683924
0.824845
0.688449
0.653541
0.630916
0.745981
0.000000
0.652895
0.729174
0.681338
0.823553
0.765374
0.759556
0.795110
0.833895
0.720770
0.777010
0.756324
0.607645
0.518437
0.762788
0.724002
0.422766
0.690388
0.768606
0.782181
0.718831
0.780888
0.855874
0.751152
0.774424
0.644491
0.674227
0.802867
0.711074
0.642552
0.730467
0.692974
0.622513
0.613463
0.673581
0.783474
0.795756
0.689741
0.760849
0.727234
0.816442
0.000000
0.754384
0.767313
0.670995
0.753092
0.725295
0.612170
0.547527
0.570798
0.725942
0.739517
0.723356
0.801574
0.753092
0.824199
0.632856
0.834542
0.714952
0.877853
0.764727
0.781535
0.677459
0.702670
0.610877
0.564980
0.692974
0.732406
0.910174
0.754384
0.828724
0.781535
0.800281
0.691681
0.806099
0.544295
0.486116
0.749213
0.587605
0.612816
0.504862
0.632209
0.632209
0.338083
0.803513
0.820320
0.778949
0.795110
0.799635
0.000000
0.627038
0.706549
0.690388
0.883024
0.793170
0.160961
1.135780
1.383360
0.627038
0.763434
0.861045
0.841006
0.645784
0.042018
0.000000
0.802867
0.802867
0.820967
0.906942
0.829370
0.733699
0.659359
0.529427
0.135750
0.771192
0.753738
0.658713
0.699438
0.785413
0.813856
0.145447
0.893367
0.681338
0.807392
0.812563
0.672288
0.778949
0.617988
0.000000
0.567566
0.733052
0.764727
0.753092
0.694266
0.808685
0.641259
0.653541
0.691034
0.739517
0.811270
0.668409
0.786706
0.656127
0.724649
0.616048
0.656127
0.720124
0.681984
0.766667
0.802220
0.828724
0.808685
0.804160
0.751152
0.741456
0.663884
0.762142
0.676166
0.725942
0.680691
0.586959
0.567566
0.589545
0.716245
0.769252
0.773777
0.669056
0.651602
0.698145
0.753738
0.767959
0.753092
0.786706
0.619927
0.778949
0.602473
0.749859
0.458966
0.530719
0.592777
0.726588
0.705256
0.659359
0.624452
0.747920
0.717538
0.693620
0.758263
0.711720
0.659359
0.710427
0.630916
0.566920
0.508741
0.588252
0.546880
0.517144
0.523609
0.600534
0.684570
0.720124
0.698791
0.635441
0.732406
0.693620
0.592130
0.616695
0.553345
0.522962
0.417594
0.447976
0.587605
0.444098
0.122175
0.475126
0.471248
0.504862
0.000000
0.596655
0.497752
0.608291
0.584373
0.497752
0.545587
0.959303
