0.576616
0.488701
0.477712
0.552698
0.585020
0.470601
0.564980
0.535244
0.000000
0.681984
0.830663
0.318044
0.813856
0.583080
0.235301
1.008430
0.588898
0.774424
0.656127
0.668409
0.638027
0.453794
0.727881
0.650956
1.064670
0.911467
1.027180
0.243704
0.805452
0.549466
0.872681
0.161608
0.637381
0.834542
0.775070
0.939264
0.705256
0.694913
0.731759
0.837128
1.155170
0.793817
0.838420
0.903063
0.965767
1.172630
0.948314
0.751799
0.612170
0.799635
0.697499
0.577262
0.647077
0.702024
0.689741
0.795110
0.224958
1.078250
0.948960
0.000000
0.789938
1.030410
0.729174
0.959303
0.774424
0.692327
0.802867
0.819028
0.000000
0.696206
0.710427
0.754384
1.168100
0.641259
1.062730
0.444744
0.741456
0.926335
1.096990
0.965121
0.614109
0.661298
0.830017
0.612170
0.839713
0.758909
0.666470
0.848763
1.015540
0.134458
0.429230
0.590838
1.078250
0.917285
0.152558
0.735638
0.566273
0.683924
0.741456
0.692974
0.879146
0.798988
0.759556
0.868803
0.846178
0.421473
0.543648
0.950899
1.014250
0.998735
0.000000
0.300590
1.352980
0.792524
0.736931
0.000000
0.506802
0.727234
0.822906
0.000000
0.000000
0.811917
0.156436
0.729174
0.674227
0.751152
1.022650
0.594070
0.524902
0.908235
0.637381
0.616695
0.620573
0.722709
0.809331
0.632856
0.000000
0.866217
0.840360
0.805452
0.764727
0.846178
0.789292
1.585050
0.561102
0.527487
0.717538
0.645784
0.758909
0.694266
0.623805
0.777010
0.846178
1.020710
0.756324
0.789292
0.855228
0.691034
0.753738
0.654188
0.579848
0.572737
0.674873
0.658066
0.638673
0.780888
0.784120
0.625745
0.852642
0.859106
0.879146
0.857167
0.847470
0.831310
0.804806
0.625098
0.473187
0.689095
0.657420
0.749213
0.663238
0.392383
0.698791
0.528780
0.860399
0.816442
0.651602
0.143508
0.811917
0.772485
0.431816
0.695559
0.592130
0.658066
0.743395
0.740163
0.713659
0.749213
0.645138
0.688449
0.817088
0.680045
0.798988
0.726588
0.760202
0.696852
0.751799
0.596655
0.504216
0.695559
0.599888
0.614109
0.770545
0.768606
0.758263
0.688449
0.687156
0.802220
0.779595
0.666470
0.645784
0.744688
0.595363
0.596655
0.534598
0.574030
0.605705
0.695559
0.769899
0.787352
0.649663
0.726588
0.820320
0.624452
0.628330
0.719477
0.621220
0.747920
0.579202
0.531366
1.275410
0.715599
0.752445
0.615402
0.785413
0.806099
0.607645
0.000000
0.812563
0.794463
0.804160
0.691681
0.614755
0.701377
0.569505
0.520377
0.617988
0.700731
0.837128
0.770545
0.800281
0.819674
0.774424
0.646431
0.000000
0.811270
0.692974
0.762142
0.795110
0.747920
0.622513
1.413740
0.667763
0.588252
0.672288
0.712366
0.733699
0.744688
0.817088
0.635441
0.701377
0.784120
0.000000
0.753092
0.739517
0.793170
0.666470
0.513912
0.623805
0.711074
0.676166
0.813210
0.819028
0.648370
0.611523
0.841006
0.670348
0.672934
0.700731
0.828724
0.808038
0.733052
0.557223
0.565627
0.479005
0.600534
0.599888
0.933446
0.820320
0.717538
0.672288
0.738870
0.784120
0.751152
0.777010
0.864278
0.749859
0.848763
0.714306
0.688449
0.484176
0.233361
0.702670
0.798988
0.685863
0.053654
0.794463
0.730467
0.769252
0.800281
0.654834
0.791231
0.762788
0.779595
0.598595
0.480298
0.575323
0.660006
0.594716
0.735638
0.757617
0.655481
0.748567
0.660652
0.777010
0.817088
0.698791
0.817088
0.787352
0.755677
0.654188
0.557870
0.546880
0.000000
0.780888
0.696206
0.826785
0.707195
0.732406
0.773131
0.813210
0.752445
0.730467
0.778949
0.826138
0.755677
0.678752
0.524902
1.248900
0.731113
0.800927
0.837128
0.767959
0.769252
0.800281
0.000000
0.744688
0.864924
0.782181
0.842299
0.759556
0.778949
0.703963
0.546234
0.465430
0.738870
0.583080
0.797049
0.746627
0.764727
0.804160
0.901124
0.000000
0.808685
0.819028
0.802867
0.634795
0.612170
0.654188
1.332940
0.515852
0.709781
0.669056
0.775070
0.762788
0.746627
0.683924
0.649016
0.782827
0.678106
0.781535
0.694266
0.781535
0.744688
0.701377
0.577262
0.457673
0.719477
0.735638
0.778302
0.775070
0.771192
0.718831
0.776363
0.688449
0.803513
0.696206
0.650956
0.773131
0.731113
0.755677
0.591484
0.575323
0.619927
0.644491
0.816442
0.663238
0.652895
0.737577
0.694913
0.711720
0.778949
0.837774
0.708488
0.756324
0.685216
0.736284
0.341962
0.575323
0.643845
0.701377
0.657420
0.729820
0.722063
0.776363
0.633502
0.671641
0.736931
0.767313
0.756970
0.698145
0.580495
0.698145
0.534598
0.159668
0.000000
0.632209
0.683277
0.654834
0.747274
0.712366
0.822906
0.812563
0.605059
0.609584
0.769899
0.603120
0.756324
0.682631
0.595363
0.471894
0.528780
0.562395
0.676166
0.745981
0.725942
0.574030
0.000000
0.705902
0.000000
0.734992
0.634795
0.599241
0.579202
0.658066
0.559162
0.590838
0.433755
0.609584
0.575970
0.579848
0.528134
0.633502
0.000000
0.604413
0.501630
0.555284
0.583080
0.509387
0.610877
0.455734
0.431169
